mono pinhole calibration...
D = [0.35204618798514853, -0.3119347176732838, 0.010348354176419342, 0.0031796778774439544, 0.0]
K = [10217.903477994329, 0.0, 1202.9848780053865, 0.0, 10236.766085179232, 1172.0230178212257, 0.0, 0.0, 1.0]
R = [1.0, 0.0, 0.0, 0.0, 1.0, 0.0, 0.0, 0.0, 1.0]
P = [10266.1142578125, 0.0, 1202.2230978269, 0.0, 0.0, 10278.787109375, 1172.5472540676565, 0.0, 0.0, 0.0, 1.0, 0.0]
None
# oST version 5.0 parameters


[image]

width
1280

height
1024

[narrow_stereo]

camera matrix
10217.903478 0.000000 1202.984878
0.000000 10236.766085 1172.023018
0.000000 0.000000 1.000000

distortion
0.352046 -0.311935 0.010348 0.003180 0.000000

rectification
1.000000 0.000000 0.000000
0.000000 1.000000 0.000000
0.000000 0.000000 1.000000

projection
10266.114258 0.000000 1202.223098 0.000000
0.000000 10278.787109 1172.547254 0.000000
0.000000 0.000000 1.000000 0.000000
=================================================
mono pinhole calibration...
D = [0.268663435813741, 1.3529099666124107, 0.00603829404398061, 0.000816419297719497, 0.0]
K = [10153.200689790789, 0.0, 1198.8766719212313, 0.0, 10186.629194576235, 1136.2608918577266, 0.0, 0.0, 1.0]
R = [1.0, 0.0, 0.0, 0.0, 1.0, 0.0, 0.0, 0.0, 1.0]
P = [10206.5927734375, 0.0, 1197.7350399151837, 0.0, 0.0, 10237.390625, 1136.2656330458121, 0.0, 0.0, 0.0, 1.0, 0.0]
None
# oST version 5.0 parameters


[image]

width
1280

height
1024

[narrow_stereo]

camera matrix
10153.200690 0.000000 1198.876672
0.000000 10186.629195 1136.260892
0.000000 0.000000 1.000000

distortion
0.268663 1.352910 0.006038 0.000816 0.000000

rectification
1.000000 0.000000 0.000000
0.000000 1.000000 0.000000
0.000000 0.000000 1.000000

projection
10206.592773 0.000000 1197.735040 0.000000
0.000000 10237.390625 1136.265633 0.000000
0.000000 0.000000 1.000000 0.000000

