# distortion_coefficient: [0.268663, 1.352910, 0.006038, 0.000816, 0.0]
# intrinsic_matrix: [[10153.200690, 0.0, 1198.876672],[0.0, 10186.629195, 1136.260892], [0.0, 0.0, 1.0]]

distortion_coefficient: [0.409048, -5.016510, -0.034837, -0.036515, 0.0]
intrinsic_matrix: [[10429.426736, 0.0, 639.5], [0.0, 10405.010363, 511.5], [0.0, 0.0, 1.0]]