# Data path. adjust them!
common:
    image_file: "/home/astar/dart_ws/calib/calibimage/test0.jpg" #"/home/astar/dart_ws/single_scene_calibration/0.png"
    pcd_file: "/home/astar/dart_ws/calib/calibpointcloud/calibscene_test_cropped.pcd"
    result_file: "/home/astar/dart_ws/calib/extrinsic_test_tuning.txt"

# Camera Parameters. Adjust them!
camera:
    camera_matrix: [10240.519092, 0.000000, 1235.589025,
        0.000000, 10201.088569, 938.383012,
        0.000000, 0.000000, 1.000000]
    
    dist_coeffs: [0.856451, -94.718525, 0.002609, 0.004210, 0.000000]
    
    # ex_matrix: [-0.010907660771714534,-0.9995656539023602,-0.0273702306506776,0.0865,
    #     -0.007810392625133109,0.02745619144020313,-0.9995922943962033,0.005,
    #     0.9999103909754234 0.010689430212948816,-0.008106490644009506,-0.00036764,
    #     0.0,0.0,0.0,1.0]

    # ex_matrix: [0.00369442,-0.999963,0.00775564,0.101602,
    #     0.00769984,-0.00772702,-0.999941,0.0190235,
    #     0.999964,0.00375392,0.00767101,-0.0670998,
    #     0,0,0,1
    #     ] #inno02042
    ex_matrix: [
        0.0102444,-0.999876,-0.0119869,-0.0799043,
        0.008200704838343644,0.0120711715350861,-0.9998935169008993,-0.0047613,
        0.9999143150890053,0.010144992868968765,0.008323291278750047,-0.143803,
        0.0,0.0,0.0,1.0]
    # original ex mat4rix
    
    # ex_matrix: [0.0175889,-0.999817,0.00749667,-0.0262677,
    #     -0.00757406,-0.00763085,-0.999942,0.0330689,
    #     0.999817,0.0175311,-0.0077069,-0.00036764,
    #     0,0,0,1]
    # a good ext mat with slight misalignment on the left
    # 0.0171551,-0.999824,0.00756723,-0.0202258
    # -0.00710289,-0.00769002,-0.999945,0.028776
    # 0.999828,0.0171004,-0.00723357,-0.0133762
    # 0,0,0,1

# translation matrix from camera to rotor
cam_rotor: [ # forward, left and up are pos
    1,0,0,0,
    0,1,0,-0.54464,
    0,0,1,0.704,
    0,0,0,1
]

# Calibration Parameters.!
calib:
    calib_config_file: "/home/astar/dart_ws/src/livox_camera_calib/config/config_outdoor.yaml"
    use_rough_calib: false # set true if your initial_extrinsic is bad

colors:
    lower_color: [0, 250, 80]
    upper_color: [256, 256, 255]

